0.000000000000000000e+00 -1.047422996940893247e+00
3.346405228758169564e-02 2.769033712104223000e+00
6.692810457516339129e-02 3.032495277809520995e-01
1.003921568627450800e-01 -4.862906740025934593e-01
1.338562091503267826e-01 4.911093529627805210e-01
1.673202614379084852e-01 3.117448876782729639e-01
2.007843137254901600e-01 3.139008979438579594e+00
2.342483660130718626e-01 3.171841957292961922e+00
2.677124183006535652e-01 -5.431292142673134205e-01
3.011764705882352677e-01 -8.768877444440907887e-01
3.346405228758169703e-01 -1.173570222851827438e-02
3.681045751633986729e-01 -8.583173722567185582e-01
4.015686274509803200e-01 2.433064108052121477e-01
4.350326797385620226e-01 -2.531932699135784337e-01
4.684967320261437251e-01 -2.424470900326585188e+00
5.019607843137254832e-01 -1.120267287924663901e-01
5.354248366013071303e-01 -4.346799743716435738e-01
5.688888888888887774e-01 2.167450045848026696e-01
6.023529411764705355e-01 -7.684139837487005131e-01
6.358169934640521825e-01 1.371303543913741541e+00
6.692810457516339406e-01 -1.910752001209444773e+00
7.027450980392155877e-01 1.150935716839235345e+00
7.362091503267973458e-01 1.079392795583937525e+00
7.696732026143789929e-01 -1.407487531300471995e+00
8.031372549019606399e-01 -5.771366928674306340e-01
8.366013071895423980e-01 -9.212190730883083045e-01
8.700653594771240451e-01 -9.014651018346464539e-01
9.035294117647058032e-01 4.367491772328963018e-02
9.369934640522874503e-01 1.327827812330596879e+00
9.704575163398692084e-01 -1.273171308087918119e+00
1.003921568627450966e+00 -1.102573525627648654e-01
1.037385620915032503e+00 1.393584981224584851e+00
1.070849673202614261e+00 1.356151744174694640e+00
1.104313725490196019e+00 1.126406480279627198e+00
1.137777777777777555e+00 -5.726470098965374955e-03
1.171241830065359313e+00 -2.155248739804938918e+00
1.204705882352941071e+00 -1.657360063273655149e-01
1.238169934640522829e+00 3.206738184250782719e+00
1.271633986928104365e+00 -1.902229013390788204e-01
1.305098039215686123e+00 -1.531368684390711499e+00
1.338562091503267881e+00 5.757892428009532271e-01
1.372026143790849417e+00 -1.908287109374703361e+00
1.405490196078431175e+00 1.474287739552074816e+00
1.438954248366012934e+00 1.496452468122150048e+00
1.472418300653594692e+00 -1.569337689957940096e+00
1.505882352941176228e+00 -2.858448795837980061e+00
1.539346405228757986e+00 -4.178156915031338570e-01
1.572810457516339744e+00 2.591917706769629182e-01
1.606274509803921280e+00 1.763490302672561794e-01
1.639738562091503038e+00 9.952992401295546188e-02
1.673202614379084796e+00 -2.995557071669479487e+00
1.706666666666666554e+00 7.588970617909853722e-01
1.740130718954248090e+00 1.182362850343663840e+00
1.773594771241829848e+00 2.718404088947206643e-01
1.807058823529411606e+00 1.026658177458844801e+00
1.840522875816993364e+00 -3.211544194614291303e+00
1.873986928104574901e+00 -3.477548156586105943e+00
1.907450980392156659e+00 -1.282792563112761797e-01
1.940915032679738417e+00 8.617462156906225967e-01
1.974379084967319953e+00 -8.520477624186737486e-01
2.007843137254901933e+00 -1.309654756399744047e+00
2.041307189542483247e+00 4.869169170263948354e-02
2.074771241830065005e+00 -3.291481405413912320e+00
2.108235294117646763e+00 1.295419108403660813e+00
2.141699346405228521e+00 1.098249857639277627e+00
2.175163398692810279e+00 1.767433510954912745e-01
2.208627450980392037e+00 -4.084985231665095307e-01
2.242091503267973795e+00 -8.995836301535027335e-01
2.275555555555555109e+00 2.768595699191451209e-01
2.309019607843136868e+00 1.728416531119820521e+00
2.342483660130718626e+00 -1.170320286249111552e+00
2.375947712418300384e+00 -2.374690358617622010e+00
2.409411764705882142e+00 2.073986628971721480e+00
2.442875816993463900e+00 3.154329467442568147e-02
2.476339869281045658e+00 -3.589012560471045443e-01
2.509803921568626972e+00 -6.239445550892828152e-01
2.543267973856208730e+00 -4.292249540197702884e-01
2.576732026143790488e+00 -2.200477531723545432e+00
2.610196078431372246e+00 2.785409640623257577e+00
2.643660130718954004e+00 2.655438469947301261e+00
2.677124183006535763e+00 -1.559244263167911315e+00
2.710588235294117521e+00 -8.467406024028889533e-01
2.744052287581698835e+00 -2.086805326767600111e+00
2.777516339869280593e+00 9.610945139926505565e-01
2.810980392156862351e+00 1.831510338837664120e+00
2.844444444444444109e+00 -2.099325558700828154e+00
2.877908496732025867e+00 -1.804128290521178402e+00
2.911372549019607625e+00 -5.437561612301391456e-01
2.944836601307189383e+00 1.370191738401835391e+00
2.978300653594770697e+00 3.205443296067374548e-01
3.011764705882352455e+00 -1.594271464563169483e+00
3.045228758169934213e+00 -6.511382894984957259e-02
3.078692810457515971e+00 -1.862072683204025969e+00
3.112156862745097730e+00 2.511447019061264108e+00
3.145620915032679488e+00 1.247399175841097940e-01
3.179084967320261246e+00 -1.195757875722665231e+00
3.212549019607842560e+00 4.047946263985522930e-01
3.246013071895424318e+00 6.630609027873564099e-01
3.279477124183006076e+00 -1.975144386770311788e+00
3.312941176470587834e+00 2.098345846246711943e+00
3.346405228758169592e+00 1.852835276499196882e+00
3.379869281045751350e+00 -4.142635781660632399e-01
3.413333333333333108e+00 1.926318046603711642e-01
3.446797385620914866e+00 -1.398515524251978448e+00
3.480261437908496180e+00 -2.340947604245326996e-01
3.513725490196077939e+00 -1.871954181434211661e-01
3.547189542483659697e+00 -1.190682980840930272e+00
3.580653594771241455e+00 -2.518040961362505215e+00
3.614117647058823213e+00 6.577630707674877453e-01
3.647581699346404971e+00 6.942975985969599417e-01
3.681045751633986729e+00 -1.148479515052869493e+00
3.714509803921568043e+00 -2.671650164842043207e+00
3.747973856209149801e+00 -1.436257719753995632e+00
3.781437908496731559e+00 -1.697030194806145587e-01
3.814901960784313317e+00 1.042589410763562929e+00
3.848366013071895075e+00 -3.223739209135633721e-01
3.881830065359476833e+00 -6.892409058282047418e-01
3.915294117647058592e+00 1.865973729972010831e-01
3.948758169934639906e+00 -8.470425139772537193e-01
3.982222222222221664e+00 1.540640010681041838e+00
4.015686274509803866e+00 2.812707900350910339e+00
4.049150326797384736e+00 -9.653554876420165076e-01
4.082614379084966494e+00 -3.747238654944020642e+00
4.116078431372548252e+00 3.080754670921164728e-01
4.149542483660130010e+00 2.343694936297189280e+00
4.183006535947711768e+00 -2.110776094153901550e+00
4.216470588235293526e+00 6.172792435836955693e-01
4.249934640522875284e+00 -4.367749902508235027e-01
4.283398692810457042e+00 -2.704619213350259788e+00
4.316862745098038801e+00 1.843209767075087546e+00
4.350326797385620559e+00 8.961895334551897019e-01
4.383790849673202317e+00 -1.403886260746156411e+00
4.417254901960784075e+00 -1.579370507729869755e-01
4.450718954248365833e+00 -1.442845134329149737e+00
4.484183006535947591e+00 -6.132814261588641624e-01
4.517647058823529349e+00 1.707967475093927545e+00
4.551111111111110219e+00 -5.823877438747215862e-01
4.584575163398691977e+00 -3.438181291881501789e+00
4.618039215686273735e+00 5.445654269184458940e-01
4.651503267973855493e+00 8.785342760388687999e-01
4.684967320261437251e+00 -2.891982919214114989e-01
4.718431372549019009e+00 1.079111496012245208e+00
4.751895424836600768e+00 -9.182002319704145599e-01
4.785359477124182526e+00 -2.700255777012715797e+00
4.818823529411764284e+00 4.721707645710552792e-01
4.852287581699346042e+00 1.217219705160622389e+00
4.885751633986927800e+00 -4.322586791572728404e-01
4.919215686274509558e+00 8.256538813984708458e-01
4.952679738562091316e+00 -1.074443161592278040e+00
4.986143790849673074e+00 -1.850312909169017361e+00
5.019607843137253944e+00 1.787602643773557043e+00
5.053071895424835702e+00 1.646335199258529780e+00
5.086535947712417460e+00 -8.002217610137094539e-01
5.119999999999999218e+00 -1.604556386695985326e+00
5.153464052287580976e+00 -2.064592659370462879e+00
5.186928104575162735e+00 -2.104906891454582651e-01
5.220392156862744493e+00 2.620183900855090453e+00
5.253856209150326251e+00 7.325795209740886271e-01
5.287320261437908009e+00 -7.375192496065765546e-01
5.320784313725489767e+00 -6.390378618801593191e-01
5.354248366013071525e+00 -9.142370300098372482e-01
5.387712418300653283e+00 6.717163252428799414e-01
5.421176470588235041e+00 -6.170085709938017970e-01
5.454640522875816799e+00 -1.428713510397248365e+00
5.488104575163397669e+00 -3.535603915953600573e+00
5.521568627450979427e+00 1.384806402218411669e+00
5.555032679738561185e+00 6.991488656096493948e-01
5.588496732026142944e+00 -7.075142715091644607e-01
5.621960784313724702e+00 3.293863182194281536e-01
5.655424836601306460e+00 -1.057243671809229735e+00
5.688888888888888218e+00 6.312389533492701599e-01
5.722352941176469976e+00 3.019583919891100532e+00
5.755816993464051734e+00 -7.402821890996593712e-01
5.789281045751633492e+00 -2.614629096073750159e+00
5.822745098039215250e+00 -1.318546215812452571e+00
5.856209150326797008e+00 8.599905700261623043e-01
5.889673202614378766e+00 -1.436725198993368258e+00
5.923137254901960524e+00 1.968632414808713760e+00
5.956601307189541394e+00 -3.004492154174950524e+00
5.990065359477123152e+00 -3.516592847191566396e+00
6.023529411764704911e+00 2.124031288857879840e+00
6.056993464052286669e+00 1.277781277642381363e+00
6.090457516339868427e+00 -1.397530607436111572e-01
6.123921568627450185e+00 -8.743287843588103403e-01
6.157385620915031943e+00 -2.530892005628458730e+00
6.190849673202613701e+00 1.340084648768888664e+00
6.224313725490195459e+00 7.959281533119280105e-01
6.257777777777777217e+00 7.637602619749046529e-01
6.291241830065358975e+00 -7.935017697713739881e-01
6.324705882352940733e+00 -3.445482832346004276e+00
6.358169934640522492e+00 -1.282415719453722458e+00
6.391633986928104250e+00 2.130235781944632034e+00
6.425098039215685120e+00 6.254328587379611726e-01
6.458562091503266878e+00 -2.652186612753556272e+00
6.492026143790848636e+00 -3.120055514888891768e+00
6.525490196078430394e+00 1.308803767031721188e+00
6.558954248366012152e+00 7.708537883223829379e-01
6.592418300653593910e+00 9.354686172586277326e-01
6.625882352941175668e+00 -6.986133622815360322e-02
6.659346405228757426e+00 -2.439673429510243796e+00
6.692810457516339184e+00 -1.798463072563768250e+00
6.726274509803920942e+00 2.579696737401149687e+00
6.759738562091502700e+00 1.008214141694539157e+00
6.793202614379084459e+00 -1.034249082782565443e+00
6.826666666666666217e+00 -2.689299718032712949e+00
6.860130718954247975e+00 -2.232774209754001316e+00
6.893594771241829733e+00 8.919553164304214743e-01
6.927058823529410603e+00 2.261093916186836861e+00
6.960522875816992361e+00 -3.489558114863123284e-01
6.993986928104574119e+00 -1.774668537148720526e+00
7.027450980392155877e+00 -3.029151870283728898e-01
7.060915032679737635e+00 -1.021185761337700226e+00
7.094379084967319393e+00 2.313680407203935641e+00
7.127843137254901151e+00 1.701334769102506916e+00
7.161307189542482909e+00 -3.225547342939790063e+00
7.194771241830064668e+00 -3.914043821555237113e+00
7.228235294117646426e+00 -2.226994514377368950e-01
7.261699346405228184e+00 2.896188661763086647e-01
7.295163398692809942e+00 2.767704966791889043e-01
7.328627450980391700e+00 -9.646664031816862828e-01
7.362091503267973458e+00 -1.577692342263620207e+00
7.395555555555554328e+00 1.482222190120930372e-01
7.429019607843136086e+00 1.359471581587262667e+00
7.462483660130717844e+00 -1.167882174700488829e+00
7.495947712418299602e+00 2.546083879154018015e-01
7.529411764705881360e+00 6.918322264718501646e-03
7.562875816993463118e+00 -9.326733527446480210e-01
7.596339869281044876e+00 2.641177595077572882e+00
7.629803921568626635e+00 2.125841827391924177e+00
7.663267973856208393e+00 -1.991101005756281239e+00
7.696732026143790151e+00 -1.089580982064270342e+00
7.730196078431371909e+00 -3.376797858523325480e-01
7.763660130718953667e+00 2.644873737889467669e-01
7.797124183006535425e+00 9.619034792663458955e-01
7.830588235294117183e+00 1.002579733586682398e+00
7.864052287581698053e+00 -3.049407258737482085e+00
7.897516339869279811e+00 -2.422906862451121857e+00
7.930980392156861569e+00 1.523394745646930337e+00
7.964444444444443327e+00 9.145209220467409583e-01
7.997908496732025085e+00 -6.442199962675212443e-01
8.031372549019607732e+00 -9.731783723849882772e-01
8.064836601307188602e+00 -1.753159682395371011e+00
8.098300653594769472e+00 -4.604336587368690337e-02
8.131764705882352118e+00 1.916151637036048294e+00
8.165228758169932988e+00 -2.311704194214024621e+00
8.198692810457515634e+00 -1.988392707797750791e+00
8.232156862745096504e+00 -4.356723863875581748e-01
8.265620915032679150e+00 3.354922128023381522e-01
8.299084967320260020e+00 2.719587810307862785e+00
8.332549019607842666e+00 8.506050300189453850e-01
8.366013071895423536e+00 -2.917882083085155731e+00
8.399477124183006183e+00 -1.109808099531604864e+00
8.432941176470587052e+00 1.157131938151524597e+00
8.466405228758169699e+00 1.297645936875420958e+00
8.499869281045750569e+00 4.969276219476111423e-01
8.533333333333333215e+00 -1.530281060535078286e+00
