n	T
1	31.43
2	32.35
3	29.10
4	30.03
5	29.25
6	33.04
7	32.12
8	32.77
9	32.42
10	31.64
11	29.36
12	29.80
13	31.69
14	29.71
15	30.80
16	29.51
17	30.98
18	32.98
19	30.47
20	31.42
21	30.94
22	29.17
23	31.82
24	30.34
25	29.43
26	30.46
27	28.99
28	29.78
29	29.74
30	32.87
31	29.69
32	31.00
33	30.77
34	29.03
35	27.69
36	29.95
37	29.54
38	30.54
39	32.52
40	30.81
41	29.47
42	30.66
43	29.94
44	30.33
45	31.82
46	28.61
47	32.19
48	28.83
49	32.47
50	33.75
51	33.53
52	30.93
53	28.96
54	29.93
55	32.15
56	33.97
57	28.47
58	35.83
59	31.79
60	30.01
61	28.72
62	30.51
63	30.27
64	29.56
65	29.87
66	31.79
67	30.21
68	27.83
69	28.96
70	30.84
71	30.43
72	33.00
73	29.85
74	31.82
75	30.49
76	30.38
77	29.17
78	31.37
79	31.61
80	31.60
81	30.61
82	31.80
83	31.00
84	31.10
85	28.39
86	31.72
87	32.16
88	29.42
89	30.62
90	29.52
91	28.25
92	29.95
93	32.23
94	29.65
95	31.54
96	31.42
97	31.12
98	29.83
99	30.89
100	30.20
101	34.79
102	28.81
103	32.09
104	29.07
105	32.02
106	31.54
107	31.05
108	31.13
109	30.15
110	32.80
111	29.33
112	33.34
113	30.27
114	33.67
115	31.85
116	32.57
117	30.12
118	32.88
119	31.52
120	30.31
121	27.72
122	31.81
123	32.14
124	30.40
125	29.20
126	30.64
127	29.70
128	27.37
129	28.77
130	32.02
131	30.80
132	31.29
133	31.58
134	29.64
135	30.84
136	29.41
137	31.47
138	32.41
139	28.78
140	33.95
141	30.15
142	27.26
143	29.65
144	29.99
145	32.74
146	29.23
147	31.89
148	30.40
149	30.60
150	30.38
151	29.60
152	30.11
153	32.49
154	27.58
155	28.23
156	31.08
157	30.64
158	29.39
159	32.94
160	32.37
161	31.81
162	33.41
163	31.21
164	29.35
165	30.91
166	32.15
167	31.85
168	30.82
169	32.68
170	30.69
171	32.47
172	31.03
173	32.36
174	28.92
175	31.77
176	29.67
177	31.12
178	28.92
179	28.54
180	31.66
181	31.53
182	31.11
183	29.32
184	28.52
185	34.44
186	34.87
187	30.22
188	31.03
189	31.82
190	31.12
191	31.39
192	32.19
193	30.89
194	33.94
195	31.09
196	28.19
197	31.18
198	32.76
199	31.87
200	31.82
201	31.68
202	29.02
203	27.99
204	32.08
205	29.98
206	30.07
207	30.85
208	31.50
209	32.83
210	30.17
211	31.50
212	30.12
213	33.03
214	34.93
215	29.42
216	33.78
217	31.92
218	29.10
219	30.98
220	32.39
221	31.84
222	32.00
223	28.39
224	33.27
225	31.16
226	31.15
227	30.95
228	29.06
229	31.38
230	31.15
231	31.26
232	32.77
233	30.60
234	28.75
235	29.94
236	29.46
237	31.38
238	32.01
239	29.57
240	31.99
241	31.79
242	31.83
243	32.28
244	30.62
245	32.13
246	30.24
247	32.09
248	31.55
249	30.95
250	30.27
251	33.22
252	32.09
253	32.11
254	34.37
255	32.63
256	31.24
257	30.04
258	32.77
259	34.73
260	33.65
261	27.87
262	32.49
263	30.04
264	29.83
265	31.09
266	28.89
267	31.04
268	32.63
269	31.19
270	31.97
271	30.73
272	33.97
273	32.82
274	32.55
275	30.27
276	28.43
277	30.80
278	28.71
279	30.80
280	33.69
281	32.50
282	29.35
283	30.34
284	30.70
285	32.81
286	30.93
287	31.46
288	30.05
289	29.25
290	32.06
291	34.41
292	27.94
293	32.55
294	32.90
295	31.81
296	29.99
297	31.89
298	30.65
299	30.03
300	32.65
301	30.76
302	30.96
303	31.98
304	28.50
305	31.07
306	31.94
307	30.29
308	26.74
309	32.27
310	32.87
311	31.16
312	29.08
313	31.10
314	31.41
315	32.39
316	31.57
317	31.88
318	30.97
319	32.16
320	32.90
321	32.12
322	30.92
323	32.42
324	30.84
325	32.23
326	32.59
327	31.84
328	32.22
329	32.30
330	32.61
331	30.29
332	33.05
333	29.95
334	30.11
335	31.10
336	33.77
337	32.42
338	33.24
339	30.51
340	32.55
341	30.48
342	30.85
343	30.32
344	31.02
345	30.77
346	30.24
347	33.41
348	29.02
349	31.37
350	30.29
351	31.82
352	31.43
353	28.01
354	32.67
355	30.11
356	29.94
357	29.80
358	32.86
359	26.35
360	33.28
361	32.00
362	32.09
363	33.19
364	31.17
365	31.46
366	30.65
367	29.11
368	28.04
369	29.72
370	31.13
371	30.79
372	33.32
373	30.32
374	30.83
375	33.73
376	33.07
377	31.48
378	30.34
379	31.53
380	29.62
381	30.96
382	30.13
383	31.68
384	32.50
385	32.45
386	30.14
387	31.00
388	29.17
389	29.21
390	29.82
391	29.72
392	28.58
393	31.66
394	26.51
395	31.92
396	28.83
397	32.69
398	29.89
399	31.77
400	32.19
401	29.56
402	29.59
403	32.94
404	30.65
405	31.10
406	31.40
407	31.14
408	30.39
409	30.18
410	30.27
411	29.99
412	29.17
413	28.12
414	31.96
415	32.66
416	30.17
417	30.32
418	31.45
419	28.83
420	31.37
421	29.60
422	28.73
423	32.44
424	32.27
425	32.62
426	33.66
427	32.14
428	31.36
429	33.52
430	29.15
431	30.78
432	29.14
433	30.76
434	26.65
435	31.09
436	29.60
437	30.86
438	31.62
439	28.22
440	28.93
441	32.27
442	30.70
443	31.13
444	32.77
445	30.99
446	28.88
447	30.47
448	33.50
449	32.12
450	30.20
451	34.07
452	27.28
453	31.86
454	31.83
455	30.39
456	29.21
457	32.03
458	31.30
459	31.09
460	34.58
461	30.94
462	30.82
463	30.52
464	29.21
465	32.62
466	31.82
467	30.98
468	33.30
469	30.18
470	30.66
471	30.36
472	31.85
473	31.66
474	30.43
475	31.58
476	30.00
477	32.51
478	31.88
479	29.50
480	29.08
481	31.42
482	30.10
483	31.38
484	30.72
485	31.89
486	30.84
487	28.84
488	29.82
489	33.50
490	30.29
491	32.49
492	33.08
493	31.93
494	31.75
495	30.79
496	29.89
497	30.79
498	31.05
499	30.64
500	29.59
501	32.40
502	31.67
503	29.97
504	29.06
505	31.27
506	30.35
507	29.56
508	32.16
509	31.64
510	29.20
511	29.47
512	30.16
513	30.71
514	28.31
515	31.94
516	31.92
517	32.45
518	31.51
519	30.11
520	31.39
521	29.75
522	29.56
523	34.56
524	32.35
525	31.50
526	30.20
527	31.01
528	29.37
529	30.46
530	29.57
531	30.00
532	29.41
533	31.10
534	30.19
535	30.88
536	30.50
537	30.37
538	29.26
539	28.65
540	32.23
541	29.85
542	31.98
543	29.45
544	30.42
545	33.59
546	31.37
547	31.30
548	31.26
549	30.39
550	31.41
551	29.14
552	28.58
553	30.68
554	31.60
555	31.58
556	33.00
557	32.06
558	32.08
559	30.24
560	32.38
561	33.18
562	33.65
563	30.75
564	32.89
565	31.07
566	29.50
567	31.42
568	33.50
569	33.54
570	27.57
571	31.79
572	30.64
573	30.70
574	29.22
575	32.65
576	30.63
577	29.18
578	31.02
579	31.97
580	30.52
581	29.76
582	32.14
583	31.49
584	31.50
585	31.61
586	32.47
587	32.99
588	29.73
589	30.47
590	31.46
591	31.07
592	31.12
593	31.47
594	31.77
595	32.08
596	29.97
597	31.32
598	29.59
599	29.67
600	31.18
601	31.24
602	32.37
603	32.75
604	31.03
605	32.47
606	32.18
607	32.99
608	32.54
609	33.43
610	32.51
611	29.89
612	30.47
613	28.01
614	31.23
615	32.30
616	31.69
617	29.44
618	30.21
619	29.96
620	30.89
621	30.34
622	30.73
623	31.85
624	32.34
625	28.94
626	31.89
627	30.83
628	32.29
629	29.51
630	30.14
631	31.48
632	29.38
633	30.87
634	32.93
635	32.19
636	32.15
637	31.73
638	30.28
639	32.30
640	30.45
641	31.67
642	29.83
643	30.87
644	31.09
645	28.71
646	30.72
647	31.08
648	32.37
649	30.05
650	29.51
651	31.22
652	30.17
653	29.86
654	32.14
655	30.48
656	30.93
657	29.11
658	33.11
659	29.30
660	33.56
661	30.36
662	30.85
663	29.98
664	34.95
665	29.20
666	29.38
667	27.95
668	31.67
669	32.62
670	30.31
671	34.75
672	32.90
673	31.61
674	32.12
675	30.09
676	31.54
677	29.97
678	32.61
679	31.19
680	33.66
681	31.14
682	28.78
683	29.46
684	27.25
685	29.97
686	30.15
687	32.60
688	31.54
689	31.48
690	31.75
691	32.33
692	32.66
693	32.61
694	31.85
695	30.18
696	31.61
697	29.26
698	33.51
699	31.32
700	30.72
701	32.83
702	30.77
703	32.26
704	31.81
705	30.74
706	29.64
707	32.77
708	30.08
709	29.43
710	30.53
711	31.32
712	30.17
713	31.62
714	29.78
715	31.91
716	31.97
717	30.06
718	31.43
719	30.91
720	31.66
721	32.05
722	33.97
723	33.36
724	30.93
725	29.34
726	28.86
727	32.93
728	33.56
729	30.03
730	30.14
731	32.85
732	28.68
733	33.78
734	30.36
735	30.89
736	30.25
737	31.67
738	31.57
739	33.19
740	32.00
741	26.65
742	31.14
743	29.82
744	30.09
745	30.91
746	30.16
747	30.64
748	30.66
749	32.29
750	30.79
751	30.71
752	29.90
753	32.04
754	29.96
755	30.44
756	31.14
757	29.86
758	31.44
759	29.22
760	35.45
761	30.80
762	31.42
763	32.04
764	30.52
765	33.43
766	31.85
767	29.48
768	31.02
769	29.84
770	32.99
771	30.83
772	29.71
773	31.76
774	33.11
775	33.39
776	31.61
777	34.66
778	31.20
779	31.79
780	31.80
781	28.37
782	30.96
783	32.24
784	30.10
785	28.37
786	30.99
787	30.21
788	31.16
789	32.52
790	30.74
791	32.90
792	29.59
793	32.08
794	33.42
795	30.62
796	33.46
797	30.35
798	30.23
799	32.98
800	30.56
801	28.79
802	29.87
803	33.07
804	31.06
805	32.12
806	29.38
807	29.61
808	30.92
809	30.47
810	32.15
811	31.15
812	28.98
813	32.29
814	31.01
815	31.39
816	27.95
817	29.62
818	30.08
819	30.72
820	32.20
821	30.50
822	31.60
823	29.08
824	29.48
825	30.81
826	32.41
827	30.83
828	29.43
829	30.15
830	32.69
831	31.73
832	30.27
833	30.50
834	30.63
835	29.52
836	30.58
837	30.77
838	32.52
839	29.88
840	28.48
841	32.93
842	30.08
843	30.02
844	32.39
845	31.34
846	30.03
847	32.07
848	34.06
849	32.96
850	31.47
851	32.24
852	30.41
853	32.42
854	30.80
855	30.96
856	32.87
857	32.91
858	30.32
859	33.58
860	29.19
861	31.49
862	29.77
863	30.48
864	33.29
865	30.73
866	32.10
867	30.84
868	30.15
869	31.18
870	31.83
871	30.27
872	33.51
873	28.90
874	32.65
875	31.34
876	33.33
877	31.16
878	31.25
879	28.98
880	33.30
881	29.08
882	29.46
883	32.71
884	28.85
885	32.98
886	26.16
887	31.97
888	31.47
889	31.60
890	28.45
891	30.40
892	32.11
893	32.45
894	29.35
895	31.83
896	29.65
897	31.83
898	29.63
899	30.89
900	30.79
901	31.45
902	30.78
903	31.23
904	28.81
905	31.11
906	33.21
907	31.71
908	30.00
909	30.88
910	30.08
911	30.27
912	33.72
913	32.31
914	34.25
915	31.10
916	31.42
917	33.41
918	31.14
919	30.73
920	32.61
921	30.73
922	29.22
923	30.87
924	32.42
925	28.19
926	31.07
927	30.65
928	30.07
929	32.44
930	28.28
931	30.11
932	32.89
933	32.35
934	32.18
935	26.48
936	31.22
937	28.15
938	30.48
939	28.95
940	30.47
941	32.39
942	29.94
943	28.75
944	30.67
945	29.87
946	32.14
947	28.37
948	30.48
949	33.40
950	30.27
951	28.43
952	30.60
953	28.87
954	29.79
955	31.29
956	32.11
957	27.44
958	29.94
959	28.40
960	31.69
961	31.26
962	29.99
963	30.43
964	30.79
965	33.79
966	31.02
967	31.27
968	32.58
969	31.07
970	31.39
971	32.05
972	31.55
973	31.89
974	30.55
975	32.84
976	33.05
977	31.81
978	31.86
979	29.00
980	31.16
981	31.22
982	31.44
983	33.83
984	30.27
985	31.46
986	31.08
987	30.38
988	32.69
989	29.79
990	29.84
991	29.10
992	29.65
993	32.60
994	30.14
995	31.34
996	31.71
997	31.22
998	30.64
999	29.21
1000	31.66